KLUB,played,points,goals_for,goals_against,foreign_minutes,foreign_goals,young_minutes,young_goals,season
Legia Warszawa,37,73,70,32,14846,51,2324,2,2015/2016
Piast Gliwice,37,69,60,45,20666,40,3270,1,2015/2016
Zagłębie Lubin,37,60,55,42,13202,9,5995,13,2015/2016
Cracovia,37,58,66,50,12329,36,5326,7,2015/2016
Lechia Gdańsk,37,51,53,44,13296,19,5992,5,2015/2016
Pogoń Szczecin,37,53,43,43,7432,11,3838,2,2015/2016
Lech Poznań,37,48,42,47,18637,15,6517,11,2015/2016
Ruch Chorzów,37,40,40,60,3941,4,9674,22,2015/2016
Wisła Kraków,37,50,61,45,11676,21,3165,0,2015/2016
Śląsk Wrocław,37,48,41,46,14588,24,3567,6,2015/2016
Jagiellonia,37,45,46,62,11531,15,8017,12,2015/2016
Korona Kielce,37,45,39,45,17483,21,4103,5,2015/2016
Termalica,37,42,39,50,8913,5,655,1,2015/2016
Górnik Łęczna,37,39,40,53,9772,2,1184,0,2015/2016
Górnik Zabrze,37,35,38,51,11173,14,1805,1,2015/2016
Podbeskidzie,37,39,45,63,14168,13,2767,0,2015/2016
