KLUB,played,points,goals_for,goals_against,foreign_minutes,foreign_goals,MIN 1998- PL,G 1998- PL,season
Legia,37,69,70,35,17347,40,6874,3,2019/2020
Lech,37,66,70,35,24246,43,11500,27,2019/2020
Piast,37,61,41,32,19203,21,3452,4,2019/2020
Lechia,37,56,48,50,15549,25,5753,0,2019/2020
Śląsk,37,54,51,46,20223,25,3454,9,2019/2020
Pogoń,37,54,37,39,20069,17,5925,5,2019/2020
Cracovia,37,53,49,40,25930,42,4197,2,2019/2020
Jagiellonia,37,52,48,51,21303,27,4262,13,2019/2020
Górnik,37,53,51,47,21811,40,5908,1,2019/2020
Raków,37,53,51,56,15301,29,5262,4,2019/2020
Zagłębie,37,53,61,53,13612,33,6756,17,2019/2020
Wisła P,37,51,45,54,9933,14,5334,9,2019/2020
Wisła K,37,45,44,56,9792,15,4394,6,2019/2020
Arka,37,40,39,57,14988,16,4015,2,2019/2020
Korona,37,35,29,48,21762,20,5479,5,2019/2020
ŁKS,37,24,33,68,10581,15,4446,4,2019/2020
