KLUB,played,points,goals_for,goals_against,foreign_minutes,foreign_goals,young_minutes,young_goals,season
Legia,37,73,70,31,18177,55,963,5,2016/2017
Jagiellonia,37,71,64,39,20988,48,5141,11,2016/2017
Lech,37,69,62,29,13477,14,8127,13,2016/2017
Lechia,37,68,57,37,19072,36,6237,4,2016/2017
Korona,37,47,47,65,19194,22,5261,3,2016/2017
Wisła K.,37,48,54,57,10942,15,4716,11,2016/2017
Pogoń,37,46,51,54,12017,15,7754,9,2016/2017
Bruk-Bet,37,46,35,55,19012,26,3233,8,2016/2017
Zagłębie,37,53,51,45,12312,7,7679,9,2016/2017
Piast,37,46,45,54,18579,28,3579,4,2016/2017
Śląsk,37,46,49,52,17868,29,4869,2,2016/2017
Wisła P.,37,47,49,57,9836,22,7895,8,2016/2017
Arka,37,39,44,60,9391,13,4749,5,2016/2017
Cracovia,37,39,45,52,8141,10,5116,13,2016/2017
Górnik,37,37,47,63,10300,11,2494,3,2016/2017
Ruch,37,34,42,62,2730,1,14664,27,2016/2017
