KLUB,played,points,goals_for,goals_against,foreign_minutes,foreign_goals,young_minutes,young_goals,season
Lech,34,74,67,24,22664,46,4074,11,2021/2022
Raków,34,69,60,30,21404,43,3808,2,2021/2022
Pogoń,34,65,63,31,14176,19,3358,10,2021/2022
Lechia,34,57,52,39,17137,22,3800,6,2021/2022
Piast,34,54,45,37,14865,13,4086,4,2021/2022
Wisła P,34,48,48,51,7689,11,3166,3,2021/2022
Radomiak,34,48,42,40,15817,16,3157,0,2021/2022
Górnik Z,34,47,55,55,10458,25,3808,9,2021/2022
Cracovia,34,46,40,42,24507,26,4099,6,2021/2022
Legia,34,43,46,48,17448,24,5547,4,2021/2022
Warta,34,42,35,38,10618,19,3589,1,2021/2022
Jagiellonia,34,40,39,50,17177,27,6392,5,2021/2022
Zagłębie,34,38,43,59,11164,13,6839,4,2021/2022
Stal,34,37,39,52,4267,4,3395,3,2021/2022
Śląsk,34,35,42,52,14892,24,4276,6,2021/2022
Bruk-Bet,34,32,36,56,16058,17,4228,3,2021/2022
Wisła K,34,31,37,54,21852,31,7438,3,2021/2022
Górnik Ł,34,28,29,60,9137,4,4093,1,2021/2022
