KLUB,played,points,goals_for,goals_against,foreign_minutes,foreign_goals,young_minutes,young_goals,season
Legia,30,64,48,24,14336,37,3889,4,2020/2021
Raków,30,59,46,25,15010,31,3610,3,2020/2021
Pogoń,30,52,36,23,12806,11,3433,6,2020/2021
Śląsk,30,43,36,32,14160,19,3996,2,2020/2021
Warta,30,43,33,32,3856,7,3983,2,2020/2021
Piast,30,42,39,32,10003,7,2707,4,2020/2021
Lechia,30,42,40,37,13157,21,3181,1,2020/2021
Zagłębie,30,41,38,40,12104,16,4982,4,2020/2021
Jagiellonia,30,37,39,48,15927,29,5490,4,2020/2021
Górnik,30,37,31,33,15730,18,6881,1,2020/2021
Lech,30,37,39,38,16988,28,7745,10,2020/2021
Wisła P,30,33,37,44,9823,6,3011,6,2020/2021
Wisła K,30,33,39,42,16399,26,4609,2,2020/2021
Cracovia,30,32,28,32,22697,25,3703,0,2020/2021
Stal,30,29,31,47,7018,8,3778,1,2020/2021
Podbeskidzie,30,25,29,60,12061,8,2775,1,2020/2021
