,KLUB,played,points,goals_for,goals_against,foreign_minutes,foreign_goals,young_minutes,young_goals,season
0,Raków,33,74,62,23,22075,20,4149,11,2022/2023
1,Legia,33,63,54,36,19521,21,4506,12,2022/2023
2,Lech,33,58,49,29,21792,37,3786,5,2022/2023
3,Pogoń,33,57,53,46,13597,12,3161,0,2022/2023
4,Piast,33,50,37,31,20654,31,3191,7,2022/2023
5,Górnik,33,47,45,43,17849,10,3066,0,2022/2023
6,Warta,33,45,37,34,14681,35,6503,9,2022/2023
7,Radomiak,33,44,34,37,21886,27,3188,3,2022/2023
8,Zagłębie,33,44,34,43,11966,8,5342,2,2022/2023
9,Cracovia,33,43,38,35,17250,26,3255,5,2022/2023
10,Widzew,33,41,38,44,20909,25,3224,0,2022/2023
11,Jagiellonia,33,41,48,47,24230,40,1042,0,2022/2023
12,Stal,33,40,35,40,4731,13,3027,5,2022/2023
13,Korona,33,38,36,48,18001,29,4004,3,2022/2023
14,Śląsk,33,38,34,45,12698,21,5244,3,2022/2023
15,Wisła,33,37,41,47,14908,16,3050,4,2022/2023
16,Lechia,33,30,28,53,9668,16,3160,3,2022/2023
17,Miedź,33,22,33,55,9165,11,8154,9,2022/2023
